1 
1.000000e-02 
-2.483657e-04 
-2.509133e-04 
-2.512939e-04 
-2.508950e-04 
-2.515471e-04 
-2.539917e-04 
-2.648371e-04 
-2.793925e-04 
-2.858272e-04 
-2.863206e-04 
-2.701796e-04 
-2.405255e-04 
-2.302102e-04 
-2.530141e-04 
-2.809391e-04 
-2.960449e-04 
-3.347985e-04 
-3.649936e-04 
-3.706050e-04 
-3.774573e-04 
-4.045033e-04 
-4.884058e-04 
-5.549923e-04 
-5.654934e-04 
-4.644961e-04 
-3.133890e-04 
-2.750781e-04 
-1.968761e-04 
-1.188204e-04 
-1.132279e-04 
-1.319518e-04 
-2.478495e-04 
-3.663303e-04 
-3.173776e-04 
-1.189394e-04 
-2.872283e-05 
8.272074e-05 
2.436832e-04 
5.880033e-05 
-4.023863e-04 
-8.689542e-04 
-1.194824e-03 
-1.251139e-03 
-9.862325e-04 
-4.245665e-04 
3.060186e-04 
7.419777e-04 
1.175643e-03 
1.588041e-03 
1.391706e-03 
7.154812e-04 
1.248231e-04 
-3.445906e-04 
-1.530372e-03 
-3.221520e-03 
-4.838197e-03 
-5.962743e-03 
-6.329605e-03 
-5.996389e-03 
-4.669295e-03 
-3.222133e-03 
-2.366962e-03 
-1.714335e-03 
-1.129493e-03 
-1.253377e-04 
9.678148e-04 
2.431981e-03 
4.640539e-03 
7.294033e-03 
8.865667e-03 
8.874243e-03 
7.826275e-03 
5.631977e-03 
1.701209e-03 
-2.475770e-03 
-4.450229e-03 
-4.515819e-03 
-4.399596e-03 
-4.035905e-03 
-3.477246e-03 
-3.775086e-03 
-5.417869e-03 
-6.797154e-03 
-7.564340e-03 
-7.738303e-03 
-6.945480e-03 
-5.018555e-03 
-1.460656e-03 
2.263564e-03 
5.461312e-03 
8.682981e-03 
1.067903e-02 
1.148743e-02 
1.160726e-02 
9.832163e-03 
5.000064e-03 
-3.010983e-03 
-1.073392e-02 
-1.195763e-02 
-7.866612e-03 
-3.054158e-03 
5.780773e-04 
-1.786757e-04 
-4.605136e-03 
-8.676498e-03 
-1.055751e-02 
-1.008999e-02 
-8.805864e-03 
-7.033029e-03 
-5.498119e-03 
-5.827770e-03 
-7.312843e-03 
-7.912056e-03 
-7.750719e-03 
-6.740687e-03 
-4.677776e-03 
1.289466e-03 
9.448716e-03 
1.807970e-02 
2.597670e-02 
2.852878e-02 
2.731632e-02 
2.704795e-02 
2.626733e-02 
2.292087e-02 
1.771027e-02 
9.567105e-03 
-4.268267e-04 
-9.753371e-03 
-1.594106e-02 
-1.849787e-02 
-1.939477e-02 
-1.953843e-02 
-2.006794e-02 
-2.157091e-02 
-2.233005e-02 
-2.388000e-02 
-2.504880e-02 
-2.363875e-02 
-1.779615e-02 
-3.419475e-03 
1.503446e-02 
2.602947e-02 
2.600256e-02 
2.066085e-02 
1.478046e-02 
9.253541e-03 
4.080539e-03 
-3.166892e-03 
-9.769151e-03 
-1.367470e-02 
-1.377614e-02 
-1.187773e-02 
-9.216775e-03 
-4.578008e-03 
-3.052405e-04 
7.870318e-04 
3.880460e-03 
1.027921e-02 
1.576465e-02 
1.913216e-02 
2.002967e-02 
1.603585e-02 
8.156623e-03 
1.614877e-03 
-4.218646e-03 
-9.785254e-03 
-1.295573e-02 
-1.355221e-02 
-1.064273e-02 
-6.220412e-03 
-8.001068e-04 
4.634321e-03 
7.796111e-03 
9.741592e-03 
9.963842e-03 
6.252796e-03 
7.087475e-04 
-4.091192e-03 
-7.099643e-03 
-8.436489e-03 
-8.675452e-03 
-1.035472e-02 
-1.393703e-02 
-1.547491e-02 
-1.492455e-02 
-1.283792e-02 
-1.080827e-02 
-1.150448e-02 
-1.154479e-02 
-8.872171e-03 
-2.184846e-03 
6.981154e-03 
1.625841e-02 
2.181606e-02 
2.305650e-02 
2.065424e-02 
1.649116e-02 
1.349240e-02 
1.117267e-02 
8.589355e-03 
5.450206e-03 
1.954254e-04 
-7.113341e-03 
-1.174858e-02 
-1.273928e-02 
-1.038545e-02 
-3.345501e-03 
-1.152602e-03 
-2.643636e-03 
-2.971937e-03 
-2.609754e-03 
-2.611352e-03 
-3.106838e-03 
-4.548668e-03 
-6.513354e-03 
-9.201924e-03 
-1.177828e-02 
-8.914495e-03 
-4.588833e-03 
-7.738341e-03 
-1.428871e-02 
-2.033892e-02 
-2.389896e-02 
-2.263147e-02 
-1.877601e-02 
-1.398556e-02 
-9.005051e-03 
-5.339801e-03 
-3.325937e-03 
-2.903375e-03 
-3.125401e-03 
-3.040672e-03 
-1.753767e-03 
9.655443e-04 
5.263662e-03 
1.134634e-02 
1.972566e-02 
2.710358e-02 
3.084124e-02 
3.134862e-02 
2.861633e-02 
2.149937e-02 
1.202630e-02 
4.684011e-03 
-2.249698e-03 
-9.344788e-03 
-1.419161e-02 
-1.754930e-02 
-2.033694e-02 
-2.091291e-02 
-2.027327e-02 
-1.825720e-02 
-1.822517e-02 
-2.219376e-02 
-2.754794e-02 
-2.770976e-02 
-2.255946e-02 
-1.696513e-02 
-8.004227e-03 
-4.818844e-04 
1.995103e-03 
2.337662e-03 
-1.075734e-03 
-6.561286e-03 
-1.339734e-02 
-2.158968e-02 
-2.667488e-02 
-2.641480e-02 
-2.196160e-02 
-1.550997e-02 
-9.680185e-03 
-6.997344e-03 
-1.056342e-02 
-1.868154e-02 
-2.765749e-02 
-3.408665e-02 
-3.702274e-02 
-3.761836e-02 
-3.479825e-02 
-3.157127e-02 
-2.864315e-02 
-2.266932e-02 
-1.050412e-02 
7.913861e-03 
2.950312e-02 
5.725814e-02 
8.071573e-02 
8.807887e-02 
9.022115e-02 
9.341273e-02 
9.633444e-02 
9.966342e-02 
1.035299e-01 
1.082868e-01 
1.146893e-01 
1.197872e-01 
1.230764e-01 
1.250205e-01 
1.236813e-01 
1.201384e-01 
1.031811e-01 
5.795640e-02 
2.069577e-02 
1.252660e-02 
1.362380e-02 
1.798076e-02 
2.736936e-02 
6.432101e-02 
1.383094e-01 
1.885906e-01 
1.916365e-01 
1.867422e-01 
1.852797e-01 
1.786894e-01 
1.531297e-01 
1.044111e-01 
5.224537e-02 
4.834199e-03 
-2.650121e-02 
-3.797119e-02 
-4.591193e-02 
-5.956172e-02 
-8.418220e-02 
-1.240838e-01 
-1.644538e-01 
-1.819968e-01 
-1.823624e-01 
-1.838491e-01 
-1.855444e-01 
-1.830862e-01 
-1.765137e-01 
-1.543499e-01 
-8.755318e-02 
3.486045e-02 
1.562379e-01 
2.171152e-01 
2.539163e-01 
2.794206e-01 
2.375585e-01 
1.329111e-01 
3.043835e-02 
-5.528420e-02 
-1.126189e-01 
-1.323587e-01 
-1.334383e-01 
-1.252244e-01 
-1.144039e-01 
-1.125383e-01 
-1.114245e-01 
-8.128318e-02 
6.156111e-03 
1.024962e-01 
1.709694e-01 
1.956351e-01 
1.737533e-01 
1.153013e-01 
1.858381e-02 
-9.662404e-02 
-1.916766e-01 
-2.067080e-01 
-1.793431e-01 
-1.945971e-01 
-2.186272e-01 
-2.100062e-01 
-1.970458e-01 
-2.024449e-01 
-2.209956e-01 
-2.432987e-01 
-2.575888e-01 
-2.636926e-01 
-2.616768e-01 
-2.551081e-01 
-2.295517e-01 
-1.688767e-01 
-1.013588e-01 
-3.946784e-02 
2.254093e-02 
8.053077e-02 
1.047122e-01 
1.010185e-01 
9.467175e-02 
8.307284e-02 
6.336051e-02 
4.260372e-02 
3.163403e-02 
3.158459e-02 
3.889694e-02 
5.482196e-02 
7.657956e-02 
9.704084e-02 
1.134595e-01 
1.263937e-01 
1.332135e-01 
1.342051e-01 
1.321602e-01 
1.279665e-01 
1.222320e-01 
1.164340e-01 
1.116335e-01 
8.762481e-02 
3.568366e-02 
-2.405999e-02 
-7.547243e-02 
-8.329758e-02 
-6.126057e-02 
-5.276599e-02 
-5.319697e-02 
-4.056092e-02 
-1.855943e-02 
1.245196e-02 
5.505007e-02 
7.216244e-02 
4.021799e-02 
-1.067692e-02 
-5.603360e-02 
-9.490539e-02 
-1.216416e-01 
-1.335279e-01 
-1.394748e-01 
-1.437016e-01 
-1.456226e-01 
-1.450238e-01 
-1.420724e-01 
-1.323091e-01 
-1.124514e-01 
-9.441641e-02 
-8.026236e-02 
-6.752317e-02 
-5.872205e-02 
-5.437949e-02 
-5.111849e-02 
-4.612598e-02 
-3.808870e-02 
-2.560251e-02 
-6.042898e-03 
2.617270e-02 
6.407143e-02 
9.593424e-02 
1.176806e-01 
1.356733e-01 
1.533834e-01 
1.669855e-01 
1.754531e-01 
1.795411e-01 
1.801815e-01 
1.768683e-01 
1.702608e-01 
1.609099e-01 
1.364875e-01 
8.776115e-02 
4.067875e-02 
2.287414e-02 
9.530014e-03 
-2.553226e-02 
-6.007253e-02 
-1.076855e-01 
-1.735365e-01 
-2.169217e-01 
-2.216925e-01 
-2.145896e-01 
-2.054255e-01 
-1.712203e-01 
-1.076535e-01 
-4.469370e-02 
1.168476e-02 
6.641051e-02 
1.055278e-01 
1.268386e-01 
1.405903e-01 
1.479928e-01 
1.705593e-01 
2.154814e-01 
2.354942e-01 
2.177357e-01 
1.828316e-01 
1.479046e-01 
1.319362e-01 
1.372357e-01 
1.430728e-01 
1.363520e-01 
1.270387e-01 
1.227277e-01 
1.182008e-01 
1.147273e-01 
1.143264e-01 
1.148078e-01 
1.159290e-01 
1.183171e-01 
1.210490e-01 
1.235688e-01 
1.251938e-01 
1.253767e-01 
1.217056e-01 
9.177533e-02 
4.598644e-02 
2.789461e-02 
2.683178e-02 
1.178717e-02 
-1.035077e-02 
-2.697820e-02 
-5.051761e-02 
-7.711232e-02 
-9.593051e-02 
-1.034926e-01 
-9.081459e-02 
-9.131098e-02 
-1.135152e-01 
-1.368741e-01 
-1.632871e-01 
-1.930382e-01 
-2.148102e-01 
-2.212215e-01 
-2.195800e-01 
-2.172838e-01 
-2.110766e-01 
-1.934771e-01 
-1.626553e-01 
-1.376140e-01 
-1.255946e-01 
-1.237646e-01 
-1.285187e-01 
-1.337211e-01 
-1.325667e-01 
-1.252762e-01 
-1.209678e-01 
-1.177642e-01 
-1.122595e-01 
-1.047582e-01 
-9.745251e-02 
-9.051360e-02 
-7.973805e-02 
-6.712407e-02 
-5.546915e-02 
-4.389464e-02 
-2.872291e-02 
-4.072216e-03 
2.742881e-02 
4.894322e-02 
5.474877e-02 
5.232313e-02 
4.892682e-02 
5.371015e-02 
6.815451e-02 
8.134245e-02 
8.976242e-02 
9.522160e-02 
1.006729e-01 
1.083669e-01 
1.195799e-01 
1.358701e-01 
1.522574e-01 
1.633272e-01 
1.707846e-01 
1.758089e-01 
1.778630e-01 
1.772193e-01 
1.743838e-01 
1.687457e-01 
1.575396e-01 
1.258137e-01 
7.551880e-02 
2.665407e-02 
-1.877765e-02 
-3.982938e-02 
-2.864545e-02 
-2.494882e-02 
-3.586638e-02 
-3.921494e-02 
-2.933789e-02 
-1.529354e-02 
8.819704e-04 
2.262902e-02 
3.573843e-02 
3.458005e-02 
2.515566e-02 
6.246438e-03 
-1.873558e-02 
-3.459903e-02 
-3.872061e-02 
-4.404823e-02 
-5.675608e-02 
-6.997912e-02 
-8.837632e-02 
-1.035938e-01 
-1.041565e-01 
-9.246337e-02 
-7.406844e-02 
-5.299027e-02 
-1.200516e-02 
3.511633e-02 
5.546140e-02 
5.838803e-02 
5.767975e-02 
4.867360e-02 
2.584156e-02 
1.525757e-03 
-2.829948e-02 
-6.088188e-02 
-8.018818e-02 
-9.394580e-02 
-1.121688e-01 
-1.233894e-01 
-1.213893e-01 
-1.133176e-01 
-1.139604e-01 
-1.212528e-01 
-1.176056e-01 
-8.754272e-02 
-5.471813e-02 
-4.346082e-02 
-4.054940e-02 
-3.530645e-02 
-3.377811e-02 
-3.964134e-02 
-5.232333e-02 
-7.297967e-02 
-1.121587e-01 
-1.391748e-01 
-1.504978e-01 
-1.613794e-01 
-1.694765e-01 
-1.708244e-01 
-1.699037e-01 
-1.664097e-01 
-1.550756e-01 
-1.399355e-01 
-1.281006e-01 
-1.166981e-01 
-9.106897e-02 
-6.480304e-02 
-4.453067e-02 
-1.991746e-02 
1.184772e-02 
4.612326e-02 
8.130210e-02 
1.211627e-01 
1.741911e-01 
2.330343e-01 
2.882863e-01 
3.174821e-01 
3.223336e-01 
3.337394e-01 
3.389356e-01 
3.386862e-01 
3.444988e-01 
3.327155e-01 
2.975734e-01 
2.634826e-01 
2.393337e-01 
2.031787e-01 
1.595041e-01 
1.364852e-01 
1.181876e-01 
7.741222e-02 
5.504611e-02 
5.153593e-02 
5.091952e-02 
5.568199e-02 
6.415626e-02 
7.093521e-02 
7.323752e-02 
7.071981e-02 
6.284047e-02 
4.639809e-02 
1.322434e-02 
-2.911812e-02 
-7.657920e-02 
-1.222442e-01 
-1.485844e-01 
-1.731331e-01 
-2.072073e-01 
-2.245119e-01 
-2.202382e-01 
-2.127990e-01 
-2.085960e-01 
-2.071676e-01 
-2.071609e-01 
-2.086122e-01 
-2.136875e-01 
-2.215585e-01 
-2.284466e-01 
-2.319089e-01 
-2.315035e-01 
-2.258486e-01 
-2.183070e-01 
-2.111347e-01 
-2.018469e-01 
-1.688733e-01 
-1.109793e-01 
-7.049135e-02 
-5.233884e-02 
-3.531854e-02 
-1.611409e-02 
2.301667e-03 
2.410454e-02 
5.219174e-02 
7.880190e-02 
9.619179e-02 
1.023290e-01 
1.030037e-01 
9.774013e-02 
6.115744e-02 
-1.345645e-06 
-3.892309e-02 
-3.408825e-02 
-1.663477e-02 
2.248973e-02 
7.661334e-02 
1.028499e-01 
1.067217e-01 
1.141004e-01 
1.250363e-01 
1.286983e-01 
1.274315e-01 
1.263727e-01 
1.235784e-01 
1.177021e-01 
1.142170e-01 
1.183000e-01 
1.287933e-01 
1.419220e-01 
1.557142e-01 
1.636071e-01 
1.645526e-01 
1.585096e-01 
1.235767e-01 
6.830075e-02 
1.513408e-02 
-3.483614e-02 
-8.561682e-02 
-1.258437e-01 
-1.466815e-01 
-1.628163e-01 
-1.790337e-01 
-2.002517e-01 
-2.213981e-01 
-2.355253e-01 
-2.405153e-01 
-2.217928e-01 
-1.338739e-01 
4.043683e-03 
1.183479e-01 
1.402924e-01 
1.256583e-01 
1.315262e-01 
1.419364e-01 
1.463353e-01 
1.503197e-01 
1.541841e-01 
1.528702e-01 
1.484909e-01 
1.388922e-01 
1.091554e-01 
8.837924e-02 
8.317176e-02 
7.816189e-02 
6.563406e-02 
3.754759e-02 
1.207004e-02 
7.027918e-03 
1.148424e-02 
1.842290e-02 
2.794702e-02 
3.864128e-02 
4.328756e-02 
4.136927e-02 
3.420988e-02 
2.176118e-02 
4.276271e-03 
-1.612460e-02 
-3.669374e-02 
-5.660896e-02 
-7.391933e-02 
-8.522341e-02 
-1.038560e-01 
-1.268971e-01 
-1.329995e-01 
-1.312804e-01 
-1.311205e-01 
-1.318837e-01 
-1.338915e-01 
-1.361811e-01 
-1.364294e-01 
-1.372249e-01 
-1.430517e-01 
-1.534051e-01 
-1.634201e-01 
-1.673712e-01 
-1.714600e-01 
-1.746223e-01 
-1.719817e-01 
-1.679121e-01 
-1.602751e-01 
-1.388244e-01 
-8.776805e-02 
2.128033e-02 
1.016777e-01 
1.356947e-01 
1.758444e-01 
2.399592e-01 
3.011703e-01 
3.266831e-01 
3.409025e-01 
3.842306e-01 
4.254102e-01 
4.434134e-01 
4.382201e-01 
3.950252e-01 
3.429634e-01 
3.361492e-01 
3.431733e-01 
3.387135e-01 
3.320341e-01 
3.283828e-01 
3.243552e-01 
3.240301e-01 
3.291144e-01 
3.132056e-01 
2.737915e-01 
2.345880e-01 
2.075828e-01 
1.812373e-01 
1.433695e-01 
1.032313e-01 
7.218597e-02 
5.028335e-02 
2.735007e-02 
4.717195e-03 
-1.357942e-02 
-4.341424e-02 
-7.765784e-02 
-9.314128e-02 
-9.508349e-02 
-9.427156e-02 
-8.950323e-02 
-8.193605e-02 
-7.778467e-02 
-7.720472e-02 
-7.728668e-02 
-7.839807e-02 
-8.196883e-02 
-8.703851e-02 
-9.205788e-02 
-9.622160e-02 
-1.005929e-01 
-1.066625e-01 
-1.139763e-01 
-1.228590e-01 
-1.386954e-01 
-1.688212e-01 
-2.043845e-01 
-2.336034e-01 
-2.493347e-01 
-2.573424e-01 
-2.671592e-01 
-2.772160e-01 
-2.825246e-01 
-2.836984e-01 
-2.862812e-01 
-2.909879e-01 
-2.979088e-01 
-3.071556e-01 
-3.196018e-01 
-3.282380e-01 
-3.291355e-01 
-3.274582e-01 
-3.240586e-01 
-3.121255e-01 
-2.916815e-01 
-2.713807e-01 
-2.540273e-01 
-2.412215e-01 
-2.310972e-01 
-2.199671e-01 
-2.052996e-01 
-1.878548e-01 
-1.725590e-01 
-1.564147e-01 
-1.405701e-01 
-1.279409e-01 
-1.208555e-01 
-1.167612e-01 
-1.081649e-01 
-9.395108e-02 
-7.979693e-02 
-6.445689e-02 
-4.747738e-02 
-3.504678e-02 
-2.309482e-02 
-8.160934e-03 
7.093911e-03 
2.039162e-02 
3.057878e-02 
3.885835e-02 
4.610950e-02 
5.311624e-02 
5.862382e-02 
6.137552e-02 
5.935784e-02 
5.461042e-02 
4.691243e-02 
3.653006e-02 
2.672068e-02 
1.991567e-02 
1.508751e-02 
1.236633e-02 
1.458571e-02 
2.207556e-02 
3.308617e-02 
4.680092e-02 
6.173875e-02 
7.811690e-02 
9.377128e-02 
1.213787e-01 
1.682856e-01 
1.926911e-01 
1.982892e-01 
2.040178e-01 
2.097430e-01 
2.263698e-01 
2.807405e-01 
3.305340e-01 
2.916621e-01 
1.878652e-01 
1.669510e-01 
2.509520e-01 
2.751009e-01 
2.228363e-01 
1.931541e-01 
1.891608e-01 
1.887528e-01 
1.906383e-01 
1.947969e-01 
2.027698e-01 
2.132295e-01 
2.006905e-01 
1.788078e-01 
1.714632e-01 
1.692476e-01 
1.660273e-01 
1.629152e-01 
1.586349e-01 
1.502693e-01 
1.385211e-01 
1.223039e-01 
9.709647e-02 
7.105582e-02 
4.760240e-02 
2.687265e-02 
1.157245e-02 
-3.876105e-03 
-2.997566e-02 
-6.093000e-02 
-9.854585e-02 
-1.336171e-01 
-1.531449e-01 
-1.633011e-01 
-1.723366e-01 
-1.816078e-01 
-1.903984e-01 
-1.975229e-01 
-2.002222e-01 
-2.017348e-01 
-2.050481e-01 
-2.064657e-01 
-2.060222e-01 
-2.058867e-01 
-2.060826e-01 
-2.053832e-01 
-2.026228e-01 
-1.996593e-01 
-1.930639e-01 
-1.827710e-01 
-1.725403e-01 
-1.594426e-01 
-1.451147e-01 
-1.331379e-01 
-1.197145e-01 
-1.079676e-01 
-1.081227e-01 
-1.166391e-01 
-1.202895e-01 
-1.124336e-01 
-1.007457e-01 
-9.105098e-02 
-8.159930e-02 
-7.238598e-02 
-6.043132e-02 
-4.286792e-02 
-2.647130e-02 
-1.123242e-02 
4.035959e-03 
1.862142e-02 
3.234598e-02 
4.606079e-02 
6.308984e-02 
8.622340e-02 
9.987757e-02 
1.034411e-01 
1.059675e-01 
1.248719e-01 
1.716708e-01 
1.825994e-01 
1.757962e-01 
1.888853e-01 
1.912797e-01 
1.805947e-01 
1.799515e-01 
1.857797e-01 
1.843482e-01 
1.763225e-01 
1.638032e-01 
1.451046e-01 
1.201588e-01 
9.920165e-02 
8.682050e-02 
7.912195e-02 
7.300124e-02 
6.661391e-02 
5.786407e-02 
4.385282e-02 
2.237555e-02 
-1.454409e-02 
-5.355220e-02 
-7.462413e-02 
-9.213686e-02 
-1.040549e-01 
-1.069933e-01 
-1.060197e-01 
-1.046988e-01 
-1.022433e-01 
-9.927716e-02 
-9.478271e-02 
-9.137225e-02 
-9.090113e-02 
-9.199032e-02 
-9.351394e-02 
-9.607156e-02 
-9.927977e-02 
-1.011478e-01 
-1.035969e-01 
-1.047233e-01 
-1.044296e-01 
-1.047529e-01 
-1.081697e-01 
-1.113706e-01 
-1.065948e-01 
-9.325728e-02 
-7.202049e-02 
-5.582013e-02 
-4.488554e-02 
-2.163730e-02 
5.626805e-03 
2.289125e-02 
3.871593e-02 
6.001026e-02 
8.086715e-02 
1.006256e-01 
1.226761e-01 
1.535173e-01 
1.974269e-01 
2.294571e-01 
2.417267e-01 
2.478971e-01 
2.481878e-01 
2.415441e-01 
2.090347e-01 
1.479605e-01 
1.083930e-01 
6.910646e-02 
2.742448e-02 
1.416330e-02 
2.409133e-02 
3.366983e-02 
2.813367e-02 
9.419108e-03 
-2.686247e-03 
-8.877958e-03 
-1.465886e-02 
-1.941655e-02 
-2.166278e-02 
-2.512936e-02 
-3.326173e-02 
-4.765997e-02 
-6.843015e-02 
-9.064821e-02 
-1.091134e-01 
-1.181645e-01 
-1.181314e-01 
-1.151099e-01 
-1.107799e-01 
-1.055735e-01 
-9.980843e-02 
-9.301274e-02 
-8.400803e-02 
-7.420544e-02 
-6.798573e-02 
-6.644465e-02 
-6.571164e-02 
-6.403187e-02 
-6.028183e-02 
-5.364858e-02 
-4.305119e-02 
-2.987543e-02 
-8.762109e-03 
1.984356e-02 
3.772884e-02 
4.211647e-02 
4.425912e-02 
4.737028e-02 
4.943881e-02 
5.267409e-02 
5.616893e-02 
5.871243e-02 
6.102080e-02 
6.208235e-02 
5.974304e-02 
5.670481e-02 
5.411252e-02 
5.344641e-02 
5.584999e-02 
6.126769e-02 
6.985927e-02 
8.165901e-02 
9.413302e-02 
1.037268e-01 
1.099669e-01 
1.128262e-01 
1.104857e-01 
1.053423e-01 
1.006553e-01 
9.504614e-02 
9.173514e-02 
9.208137e-02 
9.418902e-02 
9.771238e-02 
1.028569e-01 
1.060838e-01 
1.047026e-01 
9.860331e-02 
8.485118e-02 
5.872790e-02 
2.542174e-02 
2.821527e-03 
-8.242312e-03 
-1.695665e-02 
-2.508148e-02 
-3.211613e-02 
-4.034803e-02 
-4.755742e-02 
-5.365270e-02 
-5.904923e-02 
-6.178978e-02 
-6.192657e-02 
-6.163467e-02 
-6.184490e-02 
-6.303658e-02 
-6.472776e-02 
-6.845941e-02 
-7.373122e-02 
-7.812645e-02 
-8.204034e-02 
-8.834010e-02 
-9.677370e-02 
-1.053531e-01 
-1.128246e-01 
-1.206429e-01 
-1.271039e-01 
-1.295102e-01 
-1.298807e-01 
-1.323227e-01 
-1.338096e-01 
-1.337425e-01 
-1.360234e-01 
-1.413318e-01 
-1.468005e-01 
-1.517401e-01 
-1.565134e-01 
-1.596627e-01 
-1.595317e-01 
-1.566527e-01 
-1.539027e-01 
-1.489588e-01 
-1.398255e-01 
-1.311412e-01 
-1.244300e-01 
-1.169566e-01 
-1.084941e-01 
-1.005356e-01 
-9.238086e-02 
-8.080729e-02 
-6.634369e-02 
-5.128015e-02 
-3.832730e-02 
-2.490888e-02 
-1.121009e-02 
5.031981e-04 
1.446124e-02 
3.022252e-02 
4.417936e-02 
5.625411e-02 
6.725944e-02 
7.662242e-02 
8.596704e-02 
9.851525e-02 
1.150462e-01 
1.319000e-01 
1.454415e-01 
1.536366e-01 
1.574155e-01 
1.594204e-01 
1.592706e-01 
1.562324e-01 
1.525526e-01 
1.492672e-01 
1.455791e-01 
1.426857e-01 
1.405721e-01 
1.393099e-01 
1.374331e-01 
1.331373e-01 
1.237528e-01 
1.102554e-01 
1.005951e-01 
9.688934e-02 
9.635051e-02 
9.641086e-02 
9.435652e-02 
9.037739e-02 
8.591008e-02 
8.085641e-02 
7.634959e-02 
7.264281e-02 
6.794852e-02 
6.234484e-02 
5.532913e-02 
4.666626e-02 
3.685317e-02 
2.768145e-02 
1.973113e-02 
1.068726e-02 
6.573311e-05 
-1.044845e-02 
-1.863938e-02 
-2.534635e-02 
-3.245968e-02 
-3.851777e-02 
-4.279544e-02 
-4.715005e-02 
-5.201651e-02 
-5.502494e-02 
-5.729278e-02 
-6.049680e-02 
-6.460848e-02 
-6.971600e-02 
-7.692217e-02 
-8.402425e-02 
-9.169707e-02 
-9.955150e-02 
-1.068438e-01 
-1.103523e-01 
-1.128838e-01 
-1.169072e-01 
-1.184667e-01 
-1.179934e-01 
-1.175484e-01 
-1.149393e-01 
-1.088442e-01 
-9.300277e-02 
-6.403557e-02 
-4.735211e-02 
-4.271400e-02 
-3.932393e-02 
-3.717830e-02 
-3.484172e-02 
-3.293909e-02 
-2.983099e-02 
-2.456960e-02 
-1.775908e-02 
-8.448523e-03 
1.920128e-03 
1.281686e-02 
2.429171e-02 
3.565376e-02 
4.495656e-02 
5.019922e-02 
5.269174e-02 
5.488335e-02 
5.386936e-02 
5.004343e-02 
4.703272e-02 
4.124031e-02 
3.309203e-02 
2.508054e-02 
1.893520e-02 
1.540872e-02 
1.394389e-02 
1.542618e-02 
1.754343e-02 
1.781919e-02 
1.700162e-02 
1.414455e-02 
1.111828e-02 
9.937641e-03 
8.976133e-03 
8.586259e-03 
8.669369e-03 
8.713376e-03 
9.343196e-03 
1.245350e-02 
1.848688e-02 
2.472179e-02 
2.987477e-02 
3.488918e-02 
3.866877e-02 
4.097832e-02 
4.416640e-02 
4.844161e-02 
5.351262e-02 
5.818906e-02 
6.119976e-02 
6.349419e-02 
6.684296e-02 
6.974238e-02 
7.267842e-02 
7.592395e-02 
7.834049e-02 
8.057357e-02 
8.195186e-02 
8.194570e-02 
8.169623e-02 
7.963773e-02 
7.368703e-02 
6.653767e-02 
5.854906e-02 
4.911556e-02 
3.909421e-02 
3.091100e-02 
2.495438e-02 
2.156783e-02 
2.084483e-02 
2.043750e-02 
1.833117e-02 
1.646738e-02 
1.506505e-02 
1.221211e-02 
6.997385e-03 
3.200575e-04 
-5.292338e-03 
-1.033466e-02 
-1.504498e-02 
-1.792983e-02 
-1.827097e-02 
-1.778129e-02 
-1.654121e-02 
-1.410118e-02 
-1.148496e-02 
-9.585656e-03 
-9.233032e-03 
-9.734710e-03 
-1.229232e-02 
-1.633942e-02 
-2.097850e-02 
-2.703393e-02 
-3.358423e-02 
-3.944567e-02 
-4.709815e-02 
-5.499520e-02 
-6.349608e-02 
-7.091321e-02 
-7.845201e-02 
-8.685854e-02 
-9.292514e-02 
-9.747856e-02 
-1.004094e-01 
-1.004273e-01 
-9.824402e-02 
-9.328571e-02 
-8.517132e-02 
-7.408324e-02 
-6.145288e-02 
-5.056245e-02 
-4.395159e-02 
-4.001544e-02 
-3.645763e-02 
-3.266998e-02 
-2.986512e-02 
-2.786877e-02 
-2.710862e-02 
-2.721050e-02 
-2.637608e-02 
-2.406515e-02 
-2.272423e-02 
-2.250960e-02 
-2.137628e-02 
-1.987614e-02 
-1.873992e-02 
-1.864700e-02 
-1.847086e-02 
-1.662521e-02 
-1.456336e-02 
-1.426667e-02 
-1.462040e-02 
-1.462876e-02 
-1.539025e-02 
-1.819256e-02 
-2.106730e-02 
-2.322653e-02 
-2.350248e-02 
-2.319781e-02 
-2.262997e-02 
-1.976901e-02 
-1.557053e-02 
-1.118181e-02 
-5.045702e-03 
7.862303e-05 
9.330068e-04 
1.553351e-05 
-2.180721e-03 
-6.048263e-03 
-9.732615e-03 
-1.090170e-02 
-1.136023e-02 
-1.242457e-02 
-1.160665e-02 
-1.038178e-02 
-9.861109e-03 
-8.003663e-03 
-4.411210e-03 
-1.791450e-03 
-1.091817e-03 
1.667124e-03 
5.076852e-03 
7.660337e-03 
1.137513e-02 
1.781889e-02 
2.547833e-02 
3.360441e-02 
4.238662e-02 
4.883935e-02 
5.324336e-02 
5.740038e-02 
5.867772e-02 
5.767071e-02 
5.545778e-02 
5.199166e-02 
4.794960e-02 
4.354348e-02 
3.889398e-02 
3.577849e-02 
3.597044e-02 
3.867352e-02 
4.187143e-02 
4.683402e-02 
5.332654e-02 
5.917479e-02 
6.407814e-02 
6.899700e-02 
7.382468e-02 
7.699563e-02 
7.704093e-02 
7.396326e-02 
6.795178e-02 
5.901932e-02 
4.819827e-02 
3.432510e-02 
1.885042e-02 
4.760642e-03 
-9.096039e-03 
-2.419026e-02 
-3.730106e-02 
-4.537272e-02 
-5.218870e-02 
-5.806434e-02 
-6.181979e-02 
-6.348667e-02 
-6.299925e-02 
-6.081077e-02 
-5.632351e-02 
-4.692061e-02 
-3.353570e-02 
-2.095176e-02 
-1.139921e-02 
-4.289415e-03 
6.221145e-05 
1.524719e-03 
1.372191e-03 
1.214882e-03 
7.132995e-04 
-1.333354e-03 
-3.248774e-03 
-3.407098e-03 
-2.886336e-03 
-1.667241e-03 
-9.238035e-04 
-1.115288e-03 
-3.009160e-03 
-5.748089e-03 
-9.136391e-03 
-1.372769e-02 
-1.644856e-02 
-1.651288e-02 
-1.607185e-02 
-1.468129e-02 
-1.097078e-02 
-6.322502e-03 
1.566074e-04 
7.249552e-03 
1.335993e-02 
1.831137e-02 
2.342754e-02 
2.787427e-02 
3.080795e-02 
3.106829e-02 
2.820436e-02 
2.327406e-02 
1.929383e-02 
1.508790e-02 
1.069738e-02 
7.777909e-03 
5.711046e-03 
5.083895e-03 
6.552711e-03 
8.716785e-03 
1.286653e-02 
1.827940e-02 
2.347201e-02 
2.808265e-02 
3.122866e-02 
3.273623e-02 
3.187597e-02 
2.916812e-02 
2.613500e-02 
2.153693e-02 
1.471566e-02 
8.659681e-03 
2.679066e-03 
-4.551935e-03 
-1.049255e-02 
-1.359095e-02 
-1.592725e-02 
-1.955956e-02 
-2.463200e-02 
-2.956009e-02 
-3.349283e-02 
-3.955748e-02 
-4.842967e-02 
-5.643841e-02 
-6.237200e-02 
-6.699085e-02 
-6.941285e-02 
-6.871258e-02 
-6.683760e-02 
-6.364434e-02 
-5.730262e-02 
-5.050746e-02 
-4.284866e-02 
-3.482687e-02 
-2.765200e-02 
-1.858518e-02 
-1.163819e-02 
-6.913218e-03 
-3.874162e-03 
-3.408242e-03 
-3.717473e-03 
-4.546843e-03 
-7.564792e-03 
-1.169591e-02 
-1.369041e-02 
-1.235235e-02 
-8.972586e-03 
-3.432504e-03 
1.935724e-03 
6.369830e-03 
1.123476e-02 
1.554949e-02 
1.958627e-02 
2.215454e-02 
2.590421e-02 
3.134836e-02 
3.737790e-02 
4.201433e-02 
4.375768e-02 
4.270454e-02 
3.970184e-02 
3.480783e-02 
3.039226e-02 
2.679370e-02 
2.307744e-02 
2.048546e-02 
2.014355e-02 
2.035859e-02 
2.030505e-02 
1.959836e-02 
1.650711e-02 
1.163251e-02 
4.538449e-03 
-3.231331e-03 
-9.698432e-03 
-1.597241e-02 
-2.193457e-02 
-2.695564e-02 
-2.981201e-02 
-2.989736e-02 
-2.986043e-02 
-3.079124e-02 
-2.961676e-02 
-2.740689e-02 
-2.522212e-02 
-2.301455e-02 
-2.123511e-02 
-1.895060e-02 
-1.565720e-02 
-1.089540e-02 
-6.438146e-03 
-1.617825e-03 
3.006753e-03 
7.287649e-03 
1.085284e-02 
1.229157e-02 
1.334922e-02 
1.631670e-02 
2.150138e-02 
2.620923e-02 
2.845743e-02 
2.999994e-02 
3.002133e-02 
2.814318e-02 
2.726304e-02 
2.565774e-02 
2.371269e-02 
2.239228e-02 
2.120608e-02 
1.983559e-02 
1.904752e-02 
1.782838e-02 
1.506654e-02 
1.225077e-02 
9.884991e-03 
6.806171e-03 
3.486944e-03 
8.636438e-04 
-1.662082e-03 
-4.456538e-03 
-8.529881e-03 
-1.428315e-02 
-2.098124e-02 
-2.869663e-02 
-3.723221e-02 
-4.362177e-02 
-4.784164e-02 
-5.016910e-02 
-4.894025e-02 
-4.494831e-02 
-4.037334e-02 
-3.405366e-02 
-2.649196e-02 
-1.823116e-02 
-1.009309e-02 
-3.501031e-03 
2.130711e-03 
6.376955e-03 
1.176335e-02 
1.761649e-02 
2.264949e-02 
2.758172e-02 
3.242948e-02 
3.535295e-02 
3.627681e-02 
3.795896e-02 
3.984147e-02 
4.023262e-02 
4.080273e-02 
4.040393e-02 
3.952238e-02 
3.869644e-02 
3.753681e-02 
3.720503e-02 
3.767332e-02 
3.905168e-02 
4.039660e-02 
4.159329e-02 
4.176390e-02 
4.149123e-02 
4.146605e-02 
4.147305e-02 
3.999408e-02 
3.717618e-02 
3.541234e-02 
3.379775e-02 
2.883383e-02 
2.197269e-02 
1.507208e-02 
7.232962e-03 
-2.271288e-03 
-9.340424e-03 
-1.477265e-02 
-2.102424e-02 
-2.573850e-02 
-2.911043e-02 
-3.062008e-02 
-3.043738e-02 
-3.014078e-02 
-2.827102e-02 
-2.463384e-02 
-2.148884e-02 
-1.788029e-02 
-1.469052e-02 
-1.229119e-02 
-1.121883e-02 
-1.310103e-02 
-1.724851e-02 
-2.189987e-02 
-2.800588e-02 
-3.585383e-02 
-4.317189e-02 
-4.840516e-02 
-5.212595e-02 
-5.297300e-02 
-5.259663e-02 
-5.259835e-02 
-5.205103e-02 
-4.890130e-02 
-4.485667e-02 
-4.106145e-02 
-3.712204e-02 
-3.195281e-02 
-2.754888e-02 
-2.660273e-02 
-2.716367e-02 
-2.722165e-02 
-2.708303e-02 
-2.710257e-02 
-2.620703e-02 
-2.280974e-02 
-1.779307e-02 
-1.173592e-02 
-6.354510e-03 
-1.479666e-03 
3.546069e-03 
7.100916e-03 
7.520990e-03 
6.857857e-03 
4.959530e-03 
6.184269e-04 
-4.798342e-03 
-9.028140e-03 
-1.085179e-02 
-1.280204e-02 
-1.357687e-02 
-1.173958e-02 
-8.080434e-03 
-4.140500e-03 
-6.083867e-04 
1.939313e-03 
3.941611e-03 
4.622454e-03 
4.379388e-03 
3.339372e-03 
2.034392e-03 
1.827398e-03 
1.633496e-03 
3.104227e-04 
-1.170951e-03 
-2.377802e-03 
-2.986409e-03 
-5.943237e-03 
-1.043482e-02 
-1.247715e-02 
-1.309885e-02 
-1.211424e-02 
-9.401868e-03 
-5.039809e-03 
1.307141e-04 
3.751873e-03 
5.059762e-03 
5.807938e-03 
5.938349e-03 
5.805910e-03 
5.732360e-03 
5.727885e-03 
5.730431e-03 
5.724956e-03 
5.689868e-03 
5.564734e-03 
5.573241e-03 
7.237340e-03 
9.735810e-03 
1.037091e-02 
1.151899e-02 
1.359421e-02 
1.553549e-02 
1.804803e-02 
1.952819e-02 
1.909793e-02 
1.768524e-02 
1.562249e-02 
1.223898e-02 
7.480481e-03 
3.346991e-03 
4.207823e-04 
-2.784355e-03 
-4.750931e-03 
-5.718840e-03 
-4.932802e-03 
-2.552351e-03 
-1.046008e-03 
-5.266044e-05 
4.380542e-04 
1.801695e-04 
-1.964410e-03 
-4.228021e-03 
-4.339760e-03 
-3.451289e-03 
-7.831572e-04 
4.871360e-03 
1.157522e-02 
1.793998e-02 
2.379978e-02 
2.822720e-02 
3.150753e-02 
3.430697e-02 
3.583155e-02 
3.661121e-02 
3.622999e-02 
3.405491e-02 
3.044002e-02 
2.561723e-02 
2.019322e-02 
1.352417e-02 
6.148280e-03 
3.306735e-04 
-4.442491e-03 
-9.593581e-03 
-1.609934e-02 
-2.351289e-02 
-2.951246e-02 
-3.370103e-02 
-3.720449e-02 
-3.992552e-02 
-4.115156e-02 
-4.055215e-02 
-3.913914e-02 
-3.624121e-02 
-3.045591e-02 
-2.396204e-02 
-1.901429e-02 
-1.392723e-02 
-8.027753e-03 
-3.642547e-03 
-1.308952e-03 
-1.003394e-03 
-8.105929e-05 
1.348442e-03 
2.720984e-03 
3.117278e-03 
3.706114e-03 
4.831783e-03 
5.038665e-03 
4.837606e-03 
4.773116e-03 
4.693401e-03 
4.644426e-03 
4.867629e-03 
6.133680e-03 
7.965447e-03 
1.044810e-02 
1.223171e-02 
1.535457e-02 
2.055323e-02 
2.584499e-02 
3.120395e-02 
3.735989e-02 
4.296480e-02 
4.884136e-02 
5.499217e-02 
6.014580e-02 
6.500815e-02 
6.929639e-02 
7.207196e-02 
7.401505e-02 
7.269709e-02 
6.857790e-02 
6.288282e-02 
5.446610e-02 
4.605999e-02 
3.970092e-02 
3.473455e-02 
2.971402e-02 
2.458940e-02 
2.021099e-02 
1.649362e-02 
1.286815e-02 
9.815342e-03 
5.712143e-03 
4.175020e-04 
-4.793253e-03 
-8.931735e-03 
-1.263908e-02 
-1.638447e-02 
-1.980649e-02 
-2.220613e-02 
-2.465665e-02 
-2.634725e-02 
-2.723487e-02 
-2.687078e-02 
-2.543048e-02 
-2.485290e-02 
-2.507755e-02 
-2.536084e-02 
-2.653139e-02 
-2.795519e-02 
-3.043680e-02 
-3.448787e-02 
-3.860347e-02 
-4.335707e-02 
-4.832268e-02 
-5.134926e-02 
-5.288112e-02 
-5.445525e-02 
-5.206412e-02 
-4.618008e-02 
-3.757258e-02 
-2.629692e-02 
-1.607989e-02 
-8.370390e-03 
-3.066155e-03 
-5.185312e-04 
-1.405189e-04 
-1.996427e-03 
-5.316037e-03 
-8.505187e-03 
-9.385866e-03 
-1.111011e-02 
-1.267822e-02 
-1.027204e-02 
-7.758962e-03 
-5.268442e-03 
-2.437163e-03 
5.979150e-04 
5.071836e-03 
8.647371e-03 
1.091484e-02 
1.251063e-02 
1.455517e-02 
1.664518e-02 
1.686854e-02 
1.701039e-02 
1.830574e-02 
1.882545e-02 
1.859953e-02 
1.828643e-02 
1.702085e-02 
1.611743e-02 
1.619584e-02 
1.628911e-02 
1.618202e-02 
1.613320e-02 
1.566439e-02 
1.421521e-02 
1.286121e-02 
1.180841e-02 
1.139906e-02 
9.848931e-03 
8.518168e-03 
1.059467e-02 
1.205975e-02 
1.284711e-02 
1.481111e-02 
1.592008e-02 
1.675212e-02 
1.785009e-02 
1.606172e-02 
1.292767e-02 
1.068000e-02 
9.001430e-03 
7.051744e-03 
4.964963e-03 
2.453864e-03 
5.410988e-04 
-1.388836e-03 
-2.203199e-03 
-2.032891e-03 
-1.971836e-03 
-2.415566e-03 
-4.806487e-03 
-6.864177e-03 
-7.876556e-03 
-1.025306e-02 
-1.136578e-02 
-1.105947e-02 
-1.031658e-02 
-7.846320e-03 
-6.406225e-03 
-6.709486e-03 
-5.884975e-03 
-3.427137e-03 
-2.199788e-03 
-2.003215e-03 
-3.212425e-04 
1.754708e-03 
3.975121e-03 
6.436368e-03 
9.173394e-03 
1.047567e-02 
1.162148e-02 
1.403491e-02 
1.455272e-02 
1.290323e-02 
1.174782e-02 
1.129974e-02 
1.091683e-02 
1.169687e-02 
1.210019e-02 
1.187615e-02 
1.124453e-02 
9.309058e-03 
6.436275e-03 
2.930010e-03 
4.805730e-05 
-2.560433e-03 
-4.422140e-03 
-7.120127e-03 
-1.007632e-02 
-1.186296e-02 
-1.413179e-02 
-1.732935e-02 
-2.065857e-02 
-2.319324e-02 
-2.652795e-02 
-2.923572e-02 
-3.034267e-02 
-3.204998e-02 
-3.407824e-02 
-3.449346e-02 
-3.406723e-02 
-3.314481e-02 
-3.356885e-02 
-3.443269e-02 
-3.524317e-02 
-3.738831e-02 
-3.899902e-02 
-3.955685e-02 
-4.188982e-02 
-4.349520e-02 
-4.332862e-02 
-4.310460e-02 
-4.337822e-02 
-4.496244e-02 
-4.729002e-02 
-4.811519e-02 
-4.860544e-02 
-4.977769e-02 
-5.028252e-02 
-5.074118e-02 
-4.920770e-02 
-4.708472e-02 
-4.429189e-02 
-4.133958e-02 
-3.831219e-02 
-3.238951e-02 
-2.568538e-02 
-1.931644e-02 
-1.332942e-02 
-6.209537e-03 
1.187282e-03 
5.928444e-03 
9.421921e-03 
1.306248e-02 
1.621245e-02 
1.845016e-02 
2.053562e-02 
2.093344e-02 
2.062482e-02 
2.060522e-02 
2.061236e-02 
2.048166e-02 
2.043645e-02 
2.046006e-02 
2.046363e-02 
2.040636e-02 
2.028028e-02 
2.023751e-02 
2.057046e-02 
2.287558e-02 
2.480985e-02 
2.559233e-02 
2.796927e-02 
3.080096e-02 
3.318643e-02 
3.477797e-02 
3.690433e-02 
3.955224e-02 
4.262423e-02 
4.558491e-02 
4.620028e-02 
4.568977e-02 
4.555883e-02 
4.566155e-02 
4.569359e-02 
4.634953e-02 
4.663249e-02 
4.568456e-02 
4.505826e-02 
4.349766e-02 
4.131878e-02 
3.934162e-02 
3.676328e-02 
3.407433e-02 
3.167240e-02 
2.816352e-02 
2.345156e-02 
1.954221e-02 
1.521342e-02 
1.103173e-02 
6.922539e-03 
2.330526e-03 
-1.030137e-03 
-4.037493e-03 
-8.758540e-03 
-1.400455e-02 
-1.793260e-02 
-2.160555e-02 
-2.427836e-02 
-2.601427e-02 
-2.825846e-02 
-2.889022e-02 
-2.860507e-02 
-2.819090e-02 
-2.585417e-02 
-2.172840e-02 
-1.766015e-02 
-1.291536e-02 
-7.075433e-03 
-2.633390e-03 
-3.048209e-04 
1.144712e-03 
6.246565e-04 
-9.911066e-04 
-2.650967e-03 
-5.093801e-03 
-8.287898e-03 
-1.148074e-02 
-1.224216e-02 
-1.171289e-02 
-1.029114e-02 
-8.086980e-03 
-7.266627e-03 
-6.894989e-03 
-5.745892e-03 
-5.199777e-03 
-4.214216e-03 
-2.891811e-03 
-1.125012e-03 
7.137496e-04 
2.812484e-03 
6.257682e-03 
8.947270e-03 
1.030839e-02 
1.321287e-02 
1.658597e-02 
1.813556e-02 
1.804487e-02 
1.782009e-02 
1.784107e-02 
1.787244e-02 
1.778056e-02 
1.607758e-02 
1.343841e-02 
1.290373e-02 
1.332117e-02 
1.391635e-02 
1.596403e-02 
1.854953e-02 
1.988692e-02 
2.029389e-02 
2.102512e-02 
2.177080e-02 
2.175012e-02 
1.977808e-02 
1.698947e-02 
1.414122e-02 
1.050549e-02 
6.447849e-03 
2.627128e-03 
-2.988166e-04 
-2.896820e-03 
-6.212104e-03 
-8.513295e-03 
-9.630717e-03 
-1.159002e-02 
-1.341177e-02 
-1.453397e-02 
-1.534776e-02 
-1.547038e-02 
-1.480771e-02 
-1.351229e-02 
-1.291468e-02 
-1.097790e-02 
-8.894150e-03 
-8.828411e-03 
-8.002725e-03 
-5.285515e-03 
-4.376753e-03 
-4.513186e-03 
-2.319368e-03 
-3.702718e-04 
-4.447627e-04 
7.031453e-04 
3.607323e-03 
6.323533e-03 
8.042329e-03 
8.906726e-03 
1.129121e-02 
1.170039e-02 
9.135471e-03 
7.054414e-03 
4.825737e-03 
2.330653e-03 
-1.030002e-03 
-4.118237e-03 
-5.729423e-03 
-7.768588e-03 
-1.009139e-02 
-1.155801e-02 
-1.211997e-02 
-1.358691e-02 
-1.621378e-02 
-1.788547e-02 
-1.889632e-02 
-2.028740e-02 
-2.102746e-02 
-2.097187e-02 
-2.174967e-02 
-2.290581e-02 
-2.381174e-02 
-2.639430e-02 
-2.787689e-02 
-2.846758e-02 
-3.050805e-02 
-3.203873e-02 
-3.197651e-02 
-3.115010e-02 
-2.835321e-02 
-2.432144e-02 
-2.139901e-02 
-1.815564e-02 
-1.466723e-02 
-1.262525e-02 
-1.231080e-02 
-1.164545e-02 
-1.043248e-02 
-9.653181e-03 
-6.907724e-03 
-3.461320e-03 
-1.773472e-03 
-8.257566e-04 
1.664161e-03 
5.398017e-03 
7.960091e-03 
1.030613e-02 
1.281093e-02 
1.621183e-02 
1.933184e-02 
2.322389e-02 
2.779801e-02 
3.090211e-02 
3.236190e-02 
3.346883e-02 
3.453453e-02 
3.464854e-02 
3.442075e-02 
3.435884e-02 
3.348986e-02 
3.112991e-02 
2.860793e-02 
2.695237e-02 
2.440920e-02 
2.168860e-02 
1.718266e-02 
1.067738e-02 
4.314476e-03 
-7.680717e-04 
-6.228509e-03 
-1.265116e-02 
-1.798638e-02 
-2.048734e-02 
-2.199533e-02 
-2.444898e-02 
-2.716909e-02 
-2.892574e-02 
-3.110472e-02 
-3.344409e-02 
-3.529052e-02 
-3.708852e-02 
-3.834949e-02 
-3.947064e-02 
-3.973743e-02 
-3.924891e-02 
-3.785556e-02 
-3.646065e-02 
-3.443712e-02 
-3.162188e-02 
-2.750222e-02 
-2.243646e-02 
-1.797196e-02 
-1.510108e-02 
-1.195915e-02 
-8.011431e-03 
-4.335918e-03 
-2.787008e-03 
-1.902009e-03 
5.097829e-04 
1.435433e-03 
1.066017e-03 
9.572549e-04 
1.066861e-03 
1.715717e-03 
3.038335e-03 
4.420993e-03 
5.650311e-03 
7.359425e-03 
9.259339e-03 
1.124314e-02 
1.372451e-02 
1.552596e-02 
1.743001e-02 
1.875081e-02 
2.055618e-02 
2.229361e-02 
2.250222e-02 
2.194595e-02 
2.060063e-02 
1.927303e-02 
1.797758e-02 
1.670131e-02 
1.559713e-02 
1.542789e-02 
1.554420e-02 
1.496170e-02 
1.349447e-02 
1.114629e-02 
8.482905e-03 
5.793238e-03 
3.379917e-03 
1.565403e-04 
-2.903382e-03 
-4.425749e-03 
-5.745359e-03 
-7.872782e-03 
-9.276993e-03 
-1.039462e-02 
-1.090499e-02 
-1.168330e-02 
-1.153917e-02 
-1.068644e-02 
-1.058165e-02 
-1.077953e-02 
-1.082738e-02 
-1.058022e-02 
-9.318061e-03 
-7.917718e-03 
-6.696074e-03 
-6.344109e-03 
-5.540261e-03 
-4.199712e-03 
-2.387844e-03 
-3.523640e-04 
1.573648e-03 
4.085156e-03 
6.702747e-03 
9.100879e-03 
1.175373e-02 
1.303462e-02 
1.421105e-02 
1.663591e-02 
1.733399e-02 
1.692825e-02 
1.635700e-02 
1.495353e-02 
1.361797e-02 
1.261528e-02 
1.244900e-02 
1.247542e-02 
1.239622e-02 
1.233675e-02 
1.151359e-02 
1.007583e-02 
8.628857e-03 
7.791010e-03 
7.837839e-03 
8.000025e-03 
8.890799e-03 
1.113049e-02 
1.247588e-02 
1.308116e-02 
1.547605e-02 
1.682136e-02 
1.638500e-02 
1.506182e-02 
1.404937e-02 
1.405125e-02 
1.420589e-02 
1.421235e-02 
1.509846e-02 
1.630095e-02 
1.643242e-02 
1.622387e-02 
1.555553e-02 
1.340370e-02 
1.149720e-02 
8.950018e-03 
5.186613e-03 
1.122416e-03 
-2.725900e-03 
-7.273202e-03 
-1.045939e-02 
-1.276536e-02 
-1.435376e-02 
-1.500107e-02 
-1.688977e-02 
-1.787241e-02 
-1.676797e-02 
-1.602870e-02 
-1.500858e-02 
-1.431775e-02 
-1.431431e-02 
-1.349004e-02 
-1.232317e-02 
-1.230430e-02 
-1.257799e-02 
-1.194843e-02 
-1.052666e-02 
-9.997426e-03 
-9.122065e-03 
-8.131499e-03 
-8.081496e-03 
-8.285955e-03 
-9.107957e-03 
-1.039046e-02 
-1.066619e-02 
-1.046316e-02 
-1.041984e-02 
-9.692823e-03 
-7.568514e-03 
-6.160923e-03 
-6.242245e-03 
-6.440860e-03 
-6.374031e-03 
-6.369399e-03 
-6.446640e-03 
-6.458095e-03 
-5.828503e-03 
-3.181308e-03 
-1.079840e-03 
6.773852e-04 
3.108707e-03 
4.703767e-03 
5.796530e-03 
6.416598e-03 
5.672311e-03 
4.203087e-03 
2.894119e-03 
1.957366e-03 
1.480429e-03 
1.475692e-04 
-5.921932e-04 
-3.265411e-04 
8.593373e-04 
1.907623e-03 
1.886141e-03 
2.321103e-03 
4.474909e-03 
6.316063e-03 
7.681253e-03 
9.640932e-03 
1.051700e-02 
1.094945e-02 
1.214871e-02 
1.255931e-02 
1.231309e-02 
1.222493e-02 
1.228520e-02 
1.226055e-02 
1.143882e-02 
1.001822e-02 
8.334679e-03 
6.154542e-03 
4.798337e-03 
3.002096e-03 
1.152415e-03 
-2.390915e-04 
-1.064605e-03 
-1.053199e-03 
-9.316132e-04 
-9.907252e-04 
-1.180513e-03 
-2.268895e-03 
-3.613346e-03 
-4.959612e-03 
-6.206355e-03 
-7.505040e-03 
-7.807358e-03 
-7.616517e-03 
-7.591533e-03 
-7.660053e-03 
-7.043386e-03 
-5.747295e-03 
-5.418716e-03 
-5.320608e-03 
-4.033202e-03 
-2.657063e-03 
-7.381350e-04 
9.869085e-04 
2.450331e-03 
4.416028e-03 
5.696048e-03 
6.868578e-03 
8.155699e-03 
9.150268e-03 
7.881839e-03 
5.342597e-03 
4.458260e-03 
3.362492e-03 
7.579797e-04 
-1.016672e-03 
-1.783784e-03 
-1.861212e-03 
-1.786775e-03 
-1.004380e-03 
2.972070e-04 
5.129137e-04 
2.585152e-04 
7.520490e-04 
2.184211e-03 
2.788044e-03 
3.516788e-03 
4.519131e-03 
4.653351e-03 
5.033876e-03 
6.374161e-03 
5.897450e-03 
3.888165e-03 
1.208788e-03 
-1.219478e-03 
-3.702020e-03 
-5.514709e-03 
-7.635923e-03 
-8.942502e-03 
-8.866119e-03 
-8.674351e-03 
-8.691902e-03 
-7.926783e-03 
-7.860635e-03 
-8.807898e-03 
-9.473136e-03 
-1.061545e-02 
-1.117763e-02 
-1.122799e-02 
-1.237245e-02 
-1.337218e-02 
-1.333508e-02 
-1.322864e-02 
-1.317402e-02 
-1.184007e-02 
-9.207471e-03 
-6.525742e-03 
-3.524442e-03 
-5.388868e-04 
1.169849e-03 
3.084775e-03 
4.032786e-03 
3.236028e-03 
1.707843e-03 
4.031812e-04 
-5.675138e-04 
-6.878608e-04 
-6.770748e-04 
-1.415315e-03 
-2.795448e-03 
-3.133536e-03 
-2.617735e-03 
-1.332677e-03 
-6.178182e-04 
1.133223e-04 
2.260725e-03 
3.702294e-03 
3.555334e-03 
3.305668e-03 
3.380516e-03 
3.428580e-03 
3.553627e-03 
4.622336e-03 
5.934420e-03 
7.303605e-03 
9.259678e-03 
1.181838e-02 
1.355628e-02 
1.513161e-02 
1.521155e-02 
1.568988e-02 
1.711118e-02 
1.828287e-02 
1.828570e-02 
1.809374e-02 
1.810938e-02 
1.737284e-02 
1.501700e-02 
1.237555e-02 
1.074698e-02 
8.130722e-03 
5.368259e-03 
3.460699e-03 
5.865052e-04 
-1.736418e-03 
-2.146545e-03 
-2.586817e-03 
-1.974522e-03 
-1.350439e-03 
-2.031974e-04 
2.302410e-03 
4.615389e-03 
5.129424e-03 
4.802033e-03 
4.752996e-03 
4.836537e-03 
4.836148e-03 
4.763164e-03 
3.940470e-03 
1.595632e-03 
-9.606057e-04 
-2.290480e-03 
-3.470287e-03 
-4.797776e-03 
-6.831286e-03 
-8.599246e-03 
-9.805873e-03 
-1.092088e-02 
-1.229268e-02 
-1.300319e-02 
-1.288466e-02 
-1.278159e-02 
-1.299393e-02 
-1.448169e-02 
-1.682476e-02 
-1.761258e-02 
-1.665048e-02 
-1.519893e-02 
-1.496928e-02 
-1.502617e-02 
-1.345991e-02 
-1.120348e-02 
-1.057590e-02 
-1.004228e-02 
-7.952959e-03 
-6.267697e-03 
-5.151279e-03 
-4.505568e-03 
-4.550571e-03 
-4.703507e-03 
-4.592645e-03 
-3.489986e-03 
-2.378906e-03 
-2.351573e-03 
-1.963892e-03 
1.126377e-04 
2.813312e-03 
5.206591e-03 
6.217375e-03 
6.382816e-03 
6.986227e-03 
7.059822e-03 
6.804928e-03 
5.853659e-03 
3.596500e-03 
2.206088e-03 
1.942528e-03 
7.068351e-04 
-2.396689e-04 
-7.855571e-04 
1.001075e-05 
1.988851e-03 
2.309044e-03 
1.896360e-03 
1.830023e-03 
2.032227e-03 
3.840336e-03 
6.047800e-03 
6.544971e-03 
7.498807e-03 
8.833516e-03 
1.012227e-02 
1.140836e-02 
1.348406e-02 
1.491859e-02 
1.553336e-02 
1.466183e-02 
1.394536e-02 
1.404174e-02 
1.371799e-02 
1.200784e-02 
9.212088e-03 
7.155347e-03 
5.977787e-03 
3.816302e-03 
1.191886e-03 
7.387623e-05 
-7.674824e-04 
-3.363826e-03 
-4.693367e-03 
-6.454927e-03 
-8.754056e-03 
-9.446496e-03 
-1.088533e-02 
-1.297536e-02 
-1.344350e-02 
-1.315203e-02 
-1.287965e-02 
-1.168466e-02 
-1.085049e-02 
-1.021717e-02 
-7.428257e-03 
-4.490026e-03 
-3.000856e-03 
-1.276966e-03 
-4.708599e-04 
-2.148074e-05 
1.955178e-03 
3.315769e-03 
2.133776e-03 
8.631414e-04 
3.513947e-04 
-8.202860e-04 
-1.393947e-03 
-1.627696e-03 
-3.895559e-03 
-6.153886e-03 
-7.411959e-03 
-8.508442e-03 
-9.613063e-03 
-9.967310e-03 
-1.095029e-02 
-1.121244e-02 
-9.878912e-03 
-8.456041e-03 
-7.295391e-03 
-5.714286e-03 
-3.274934e-03 
-1.427509e-03 
-4.439818e-04 
1.493814e-03 
3.778615e-03 
4.995454e-03 
6.830748e-03 
9.131144e-03 
9.475384e-03 
9.719905e-03 
9.775312e-03 
9.171605e-03 
7.748527e-03 
6.429804e-03 
5.157677e-03 
2.874490e-03 
1.040627e-03 
5.828897e-05 
-2.126404e-03 
-3.934678e-03 
-5.686715e-03 
-6.561769e-03 
-6.389324e-03 
-5.713806e-03 
-4.609126e-03 
-3.452512e-03 
-2.583353e-03 
-2.554736e-03 
-3.150921e-03 
-4.320166e-03 
-5.371448e-03 
-6.153786e-03 
-5.933779e-03 
-4.750400e-03 
-3.595000e-03 
-2.438345e-03 
-6.181512e-04 
1.241080e-03 
2.659968e-03 
4.436908e-03 
5.838148e-03 
6.540468e-03 
6.270146e-03 
4.477740e-03 
3.162431e-03 
1.734335e-03 
-2.885974e-04 
-1.613134e-03 
-2.626408e-03 
-4.173025e-03 
-4.826317e-03 
-4.111016e-03 
-2.901333e-03 
-1.886276e-03 
-8.790060e-04 
9.826571e-04 
2.424293e-03 
3.207820e-03 
3.926471e-03 
4.613688e-03 
4.552555e-03 
4.273598e-03 
3.764266e-03 
2.843131e-03 
2.332325e-03 
8.012372e-04 
-6.766654e-04 
-1.006327e-03 
-1.624284e-03 
-2.050719e-03 
-2.630129e-03 
-3.282041e-03 
-3.278320e-03 
-3.109766e-03 
-3.176417e-03 
-4.274000e-03 
-4.937256e-03 
-4.340409e-03 
-3.717380e-03 
-2.945656e-03 
-3.040885e-03 
-3.381056e-03 
-4.106308e-03 
-4.954143e-03 
-4.882873e-03 
-4.581763e-03 
-4.440330e-03 
-4.242580e-03 
-3.493730e-03 
-2.425839e-03 
-5.482455e-04 
1.276076e-03 
2.153212e-03 
3.234216e-03 
5.010699e-03 
6.370687e-03 
7.426457e-03 
8.823321e-03 
1.014201e-02 
1.057693e-02 
1.062860e-02 
1.037504e-02 
1.000912e-02 
9.681767e-03 
9.367491e-03 
9.060187e-03 
8.739013e-03 
8.411782e-03 
8.085276e-03 
7.774417e-03 
7.506891e-03 
7.980736e-03 
8.532110e-03 
7.604099e-03 
6.172914e-03 
5.335137e-03 
4.577180e-03 
3.317162e-03 
1.714207e-03 
4.948450e-04 
-5.135879e-04 
-1.540253e-03 
-2.514694e-03 
-3.354399e-03 
-3.665085e-03 
-3.553903e-03 
-3.455745e-03 
-3.422300e-03 
-3.306950e-03 
-2.843354e-03 
-2.001834e-03 
-1.312946e-03 
-8.588993e-04 
-1.539253e-04 
5.113128e-04 
1.249792e-03 
1.531754e-03 
1.616710e-03 
1.442126e-03 
8.929761e-04 
3.093347e-04 
-6.702948e-04 
-2.010111e-03 
-3.038128e-03 
-3.497268e-03 
-4.255754e-03 
-5.028991e-03 
-5.372228e-03 
-5.596180e-03 
-5.838957e-03 
-6.048705e-03 
-6.173904e-03 
-6.063152e-03 
-5.768476e-03 
-5.693629e-03 
-5.692670e-03 
-5.420357e-03 
-5.290558e-03 
-5.219301e-03 
-4.700140e-03 
-4.094862e-03 
-3.525806e-03 
-3.006422e-03 
-2.561911e-03 
-2.037038e-03 
-1.498406e-03 
-1.019771e-03 
-6.043618e-04 
-1.491643e-04 
2.279503e-04 
3.854321e-04 
6.725540e-04 
1.024968e-03 
1.206724e-03 
1.302087e-03 
1.515731e-03 
1.669125e-03 
1.656131e-03 
1.677433e-03 
1.683662e-03 
1.674724e-03 
1.669505e-03 
1.568681e-03 
1.463558e-03 
1.421485e-03 
1.387629e-03 
1.311301e-03 
1.258796e-03 
1.216347e-03 
1.161139e-03 
1.126897e-03 
1.078539e-03 
1.012968e-03 
9.572766e-04 
9.218255e-04 
9.083795e-04 
8.960084e-04 
8.832325e-04 
8.844131e-04 
8.844203e-04 
8.691767e-04 
8.635057e-04 
8.476348e-04 
8.178098e-04 
7.882188e-04 
7.614270e-04 
7.341902e-04 
7.071249e-04 
6.864260e-04 
6.684334e-04 
6.419455e-04 
6.198714e-04 
6.013868e-04 
5.750761e-04 
5.461570e-04 
5.166485e-04 
4.832512e-04 
4.506274e-04 
4.202843e-04 
3.886763e-04 
3.574613e-04 
3.275413e-04 
2.985184e-04 
2.702254e-04 
2.422744e-04 
2.152102e-04 
1.899138e-04 
1.647129e-04 
1.407179e-04 
1.179724e-04 
9.491686e-05 
7.242440e-05 
5.107779e-05 
3.015755e-05 
9.340006e-06 
-1.100319e-05 
-3.080440e-05 
-5.012835e-05 
-6.898982e-05 
-8.737102e-05 
-1.053579e-04 
-1.229599e-04 
-1.401303e-04 
-1.568818e-04 
-1.732456e-04 
-1.892159e-04 
-2.047887e-04 
-2.199730e-04 
-2.347765e-04 
-2.492033e-04 
-2.632558e-04 
